5 0.11215506828951036 0.07532751091703056 0.06058951965065504 0.10480349344978165
5 0.3432331831273808 0.7707423580786025 0.06123408900864078 0.09825327510917034
5 0.1862805444578649 0.7794759825327511 0.06574607451454055 0.1026200873362444
5 0.4189700826906996 0.49563318777292564 0.059300380934683615 0.10262008733624448
5 0.11376649168447457 0.3515283842794759 0.05994495029266931 0.10698689956331876
5 0.7261073817708816 0.4956331877729257 0.06510150515655483 0.09825327510917034
5 0.49438469757502546 0.7745633187772925 0.05543296478676943 0.0993449781659389
5 0.7264296664498745 0.21124454148471614 0.061878658366626385 0.09934497816593883
5 0.804744843445136 0.07259825327510916 0.061234089008640635 0.09934497816593885
5 0.8263379169376567 0.7903930131004366 0.002578277431942695 0.015283842794759863
5 0.03383989129424881 0.9192139737991265 0.06123408900864071 0.0982532751091702
5 0.11763390783238872 0.9132096069868995 0.05865581157669793 0.08842794759825325
5 0.6490813434915915 0.34934497816593885 0.05543296478676936 0.10698689956331879
5 0.7254628124128959 0.34934497816593885 0.05994495029266929 0.10262008733624456
5 0.8031334200501717 0.21015283842794757 0.061878658366626385 0.09716157205240172
5 0.9575077812877449 0.21451965065502182 0.057366672860726456 0.09061135371179041
6 0.9571854966087521 0.6386462882096069 0.0580112422187122 0.0982532751091702
5 0.1118327836105175 0.49126637554585145 0.0625232277246121 0.10262008733624456
5 0.8044225587661432 0.3526200873362445 0.05672210350274085 0.0960698689956332
5 0.3435554678063737 0.35480349344978157 0.061878658366626454 0.10480349344978163
5 0.3422663290904023 0.21342794759825323 0.06058951965065504 0.09279475982532755
